0   -99
1   -99
2   -99
3   78
4   77
5   76
6   75
7   74
8   73
9   72
10  71
11  70
12  69
13  68
14  67
15  65
16  64
17  63
18  62
19  61
20  60
21  59
22  58
23  57
24  56
25  55
26  54
27  52
28  51
29  50
30  49
31  48
32  47
33  46
34  45
35  44
36  43
37  42
38  41
39  -99
40  -99
41  -99
42  -99
43  40
44  39
45  38
46  37
47  36
48  35
49  34
50  33
51  32
52  31
53  30
54  29
55  27
56  26
57  25
58  24
59  23
60  22
61  21
62  20
63  19
64  18
65  17
66  16
67  14
68  13
69  12
70  11
71  10
72  9
73  8
74  7
75  6
76  5
77  4
78  3
79  -99
80  -99
