0   0   70
0   1   71
0   2   72
0   3   73
0   4   74
0   5   75
0   6   76
0   7   77
0   8   78
1   0   61
1   1   62
1   2   63
1   3   64
1   4   65
1   5   66
1   6   67
1   7   68
1   8   69
2   0   52
2   1   53
2   2   54
2   3   55
2   4   56
2   5   57
2   6   58
2   7   59
2   8   60
3   0   43
3   1   44
3   2   45
3   3   46
3   4   47
3   5   48
3   6   49
3   7   50
3   8   51
4   0   30
4   1   31
4   2   32
4   3   33
4   4   34
4   5   35
4   6   36
4   7   37
4   8   38
5   0   21
5   1   22
5   2   23
5   3   24
5   4   25
5   5   26
5   6   27
5   7   28
5   8   29
6   0   12
6   1   13
6   2   14
6   3   15
6   4   16
6   5   17
6   6   18
6   7   19
6   8   20
7   0   3
7   1   4
7   2   5
7   3   6
7   4   7
7   5   8
7   6   9
7   7   10
7   8   11
