0   0   38
0   1   37
0   2   36
0   3   35
0   4   34
0   5   33
0   6   32
0   7   31
0   8   30
1   0   29
1   1   28
1   2   27
1   3   26
1   4   25
1   5   24
1   6   23
1   7   22
1   8   21
2   0   20
2   1   19
2   2   18
2   3   17
2   4   16
2   5   15
2   6   14
2   7   13
2   8   12
3   0   11
3   1   10
3   2   9
3   3   8
3   4   7
3   5   6
3   6   5
3   7   4
3   8   3
4   0   78
4   1   77
4   2   76
4   3   75
4   4   74
4   5   73
4   6   72
4   7   71
4   8   70
5   0   69
5   1   68
5   2   67
5   3   66
5   4   65
5   5   64
5   6   63
5   7   62
5   8   61
6   0   60
6   1   59
6   2   58
6   3   57
6   4   56
6   5   55
6   6   54
6   7   53
6   8   52
7   0   51
7   1   50
7   2   49
7   3   48
7   4   47
7   5   46
7   6   45
7   7   44
7   8   43
