0   0   43
0   1   44
0   2   45
0   3   46
0   4   47
0   5   48
0   6   49
0   7   50
0   8   51
1   0   52
1   1   53
1   2   54
1   3   55
1   4   56
1   5   57
1   6   58
1   7   59
1   8   60
2   0   61
2   1   62
2   2   63
2   3   64
2   4   65
2   5   66
2   6   67
2   7   68
2   8   69
3   0   70
3   1   71
3   2   72
3   3   73
3   4   74
3   5   75
3   6   76
3   7   77
3   8   78
4   0   3
4   1   4
4   2   5
4   3   6
4   4   7
4   5   8
4   6   9
4   7   10
4   8   11
5   0   12
5   1   13
5   2   14
5   3   15
5   4   16
5   5   17
5   6   18
5   7   19
5   8   20
6   0   21
6   1   22
6   2   23
6   3   24
6   4   25
6   5   26
6   6   27
6   7   28
6   8   29
7   0   30
7   1   31
7   2   32
7   3   33
7   4   34
7   5   35
7   6   36
7   7   37
7   8   38
