0   0   11
0   1   10
0   2   9
0   3   8
0   4   7
0   5   6
0   6   5
0   7   4
0   8   3
1   0   20
1   1   19
1   2   18
1   3   17
1   4   16
1   5   15
1   6   14
1   7   13
1   8   12
2   0   29
2   1   28
2   2   27
2   3   26
2   4   25
2   5   24
2   6   23
2   7   22
2   8   21
3   0   38
3   1   37
3   2   36
3   3   35
3   4   34
3   5   33
3   6   32
3   7   31
3   8   30
4   0   51
4   1   50
4   2   49
4   3   48
4   4   47
4   5   46
4   6   45
4   7   44
4   8   43
5   0   60
5   1   59
5   2   58
5   3   57
5   4   56
5   5   55
5   6   54
5   7   53
5   8   52
6   0   69
6   1   68
6   2   67
6   3   66
6   4   65
6   5   64
6   6   63
6   7   62
6   8   61
7   0   78
7   1   77
7   2   76
7   3   75
7   4   74
7   5   73
7   6   72
7   7   71
7   8   70
